%YAML:1.0
---
mean: !!opencv-matrix
   rows: 10
   cols: 1
   dt: d
   data: [ 5.2061205496658394e-02, 1.1155233626361080e-01,
       3.5959685981559068e-02, 7.7061726842937356e-02,
       1.4931784246737351e-01, 1.4471987979772769e-01,
       5.6183494078290708e-02, 1.1043519531339654e-01,
       1.1709796198942099e-01, 1.4561067176149253e-01 ]
scale: !!opencv-matrix
   rows: 10
   cols: 1
   dt: d
   data: [ 3.1910528351750400e-02, 3.4547292700370200e-02,
       1.9327548441298654e-02, 2.7343472661846870e-02,
       4.7609516630593256e-02, 7.1955898971371779e-02,
       2.2168986540472970e-02, 3.1748330628733841e-02,
       4.2064314250085430e-02, 2.9575785911639958e-02 ]
